90
30

44 82 90 32 9 57 20 83 35 25 88 96 24 15 2 86 90 10 8 6 54 53 98 72 48 33 92 61 45 48 
52 66 20 29 60 91 8 84 77 0 13 80 65 65 91 79 31 95 99 2 37 4 94 78 81 73 22 0 28 21 
23 12 72 71 54 81 42 80 95 31 79 86 95 52 64 68 80 1 57 35 14 71 84 91 94 74 86 33 32 82 
8 88 27 21 5 91 56 3 72 63 23 42 48 33 49 97 42 31 97 35 67 27 48 0 10 95 0 42 47 45 
27 30 88 29 31 62 22 29 95 49 87 82 81 25 82 87 52 12 2 13 31 49 68 2 78 67 75 27 94 51 
72 58 65 38 69 40 93 38 18 90 2 69 20 63 92 59 48 50 96 38 95 2 60 32 93 92 38 40 37 74 
91 36 44 75 17 42 4 50 58 70 13 84 68 2 4 9 16 86 91 76 79 56 24 13 46 88 96 35 27 81 
53 4 45 99 16 54 63 21 92 15 57 96 48 28 46 80 69 2 50 18 28 77 15 90 37 94 39 39 56 75 
1 43 78 66 45 10 17 7 95 94 82 22 6 71 87 40 49 28 44 5 26 32 47 16 24 7 33 22 73 22 
76 57 80 72 65 87 16 5 49 2 17 23 72 87 8 68 22 46 52 63 59 61 11 75 14 13 40 16 56 1 
68 95 81 35 43 6 66 74 19 89 87 61 42 14 5 56 51 76 63 75 89 94 37 91 8 59 64 43 7 66 
1 69 32 31 20 64 31 75 32 14 50 34 80 59 95 13 77 4 11 2 46 61 57 21 6 99 59 64 8 34 
82 52 12 90 56 19 65 7 47 0 11 74 42 76 49 30 10 9 28 38 47 70 30 43 13 39 86 64 38 37 
29 70 29 7 80 60 19 68 13 29 51 97 51 1 64 23 90 57 36 34 50 91 6 21 99 63 76 32 0 48 
58 91 86 90 25 10 44 3 85 1 82 1 69 72 97 19 21 46 73 83 29 60 82 29 20 13 58 71 23 79 
68 93 64 9 8 86 60 80 94 75 5 62 16 98 83 23 94 36 52 87 39 3 57 4 12 46 8 23 36 19 
95 48 8 18 42 39 0 7 31 78 65 59 15 9 81 1 41 42 84 35 35 51 4 66 1 23 74 65 73 42 
87 64 92 3 36 24 11 97 39 54 48 8 43 69 36 19 65 95 48 12 8 83 81 14 58 77 51 17 54 42 
6 81 87 69 78 97 69 91 25 66 77 85 33 16 61 48 78 84 83 68 71 8 6 24 39 16 63 95 7 28 
84 59 83 66 36 0 74 77 19 78 77 95 36 11 17 91 2 71 33 16 71 15 38 97 15 83 94 67 56 36 
82 40 46 29 65 43 56 28 63 82 99 25 93 2 17 98 42 64 96 40 83 43 89 35 39 40 72 64 66 42 
45 67 99 80 69 95 2 71 95 31 92 41 20 51 37 72 89 69 63 5 21 88 93 9 20 32 24 88 11 50 
9 86 14 12 92 17 32 30 26 31 22 89 64 79 89 54 7 56 97 98 43 31 5 76 14 77 70 13 4 85 
66 5 18 6 20 49 7 62 60 36 57 18 32 88 48 11 15 12 39 74 60 17 59 98 25 98 85 26 72 92 
51 68 68 72 20 83 91 11 99 67 30 44 2 45 41 17 69 43 4 84 4 11 70 10 96 6 3 74 30 53 
77 86 97 65 48 74 78 59 32 86 34 28 63 17 52 41 90 72 17 75 60 8 9 20 90 18 52 95 13 56 
57 72 63 17 37 96 33 14 93 47 20 15 91 82 33 45 84 56 42 52 40 0 85 1 96 23 60 34 36 50 
76 26 63 14 31 13 25 75 52 75 0 27 4 96 59 10 59 50 62 52 85 63 50 0 81 60 44 6 92 9 
66 96 61 94 29 26 4 6 77 7 28 17 71 43 7 81 38 32 11 81 35 12 29 12 17 53 47 61 69 24 
70 45 73 0 86 0 22 75 31 31 70 88 86 82 14 10 28 75 37 12 5 20 40 36 9 13 73 25 82 62 
20 0 54 2 98 74 18 15 96 42 82 29 41 8 49 93 73 8 37 39 78 58 7 77 97 38 82 86 12 79 
81 98 84 23 76 94 93 69 72 38 91 28 51 47 89 49 37 49 27 85 77 90 95 17 31 90 14 52 30 52 
87 66 40 85 85 49 42 87 20 80 10 0 31 50 56 34 73 85 69 32 92 56 66 97 30 79 39 30 83 30 
56 40 13 32 52 20 79 1 30 5 54 43 45 58 28 40 38 47 14 80 62 2 18 3 95 86 38 79 43 95 
85 38 89 83 66 13 9 76 63 71 94 25 80 38 36 3 79 52 63 44 92 95 33 99 95 75 27 36 84 90 
2 15 84 61 80 16 84 39 1 9 66 16 58 80 93 85 93 52 67 54 17 90 51 78 96 43 43 90 2 82 
44 29 24 47 32 2 4 83 63 31 17 54 54 61 23 55 1 48 72 55 61 30 13 55 93 73 65 33 24 30 
29 13 6 57 64 80 64 80 59 30 62 3 43 25 29 0 61 93 20 31 78 88 16 84 86 12 83 13 49 49 
33 47 93 72 67 74 28 31 5 31 67 7 2 60 66 16 31 90 19 89 79 83 66 61 73 36 93 40 45 27 
59 48 99 58 53 59 37 24 69 49 63 9 72 72 62 0 69 0 33 60 17 95 18 94 38 9 59 24 17 21 
66 33 4 71 91 50 39 25 37 93 88 10 33 85 44 83 84 15 35 31 44 2 46 15 88 94 44 0 87 1 
63 45 93 42 90 35 12 74 57 80 95 9 35 21 96 47 74 8 71 85 45 42 12 78 75 10 50 60 85 31 
54 39 60 3 34 58 21 37 0 50 85 86 56 43 9 19 18 0 78 15 85 86 77 46 17 17 43 96 75 5 
7 27 47 27 59 93 56 76 2 56 31 66 75 59 71 7 56 69 52 66 95 79 52 84 10 35 79 13 64 41 
48 91 6 47 35 72 37 17 91 85 34 48 14 74 51 72 4 55 72 69 36 85 87 80 56 39 20 81 49 30 
24 69 63 16 28 74 75 96 92 82 29 64 18 51 98 97 13 51 29 84 1 43 96 14 39 1 43 1 81 36 
19 96 84 60 25 25 64 24 10 39 47 98 21 85 53 82 64 22 32 78 34 33 34 47 41 27 61 32 21 13 
66 31 14 10 77 48 49 1 58 43 68 59 48 82 81 13 35 36 31 6 55 89 13 84 12 66 68 14 86 66 
58 12 48 78 96 35 12 20 64 73 97 6 62 32 63 55 81 5 61 90 55 71 99 74 75 60 25 14 59 85 
69 0 83 24 95 68 62 3 68 20 6 9 21 17 95 48 87 42 56 9 25 98 24 7 58 79 38 26 10 36 
82 65 90 38 85 71 76 71 45 12 99 45 25 23 16 10 51 17 34 74 1 66 18 98 67 71 97 3 32 90 
53 6 93 96 52 87 16 62 58 37 16 28 33 48 81 66 18 49 3 66 45 84 74 9 33 4 45 88 55 2 
96 2 88 28 30 38 81 59 88 4 6 96 78 84 72 35 45 36 10 27 10 37 83 13 90 64 59 10 56 49 
46 84 82 55 97 35 19 69 27 71 72 92 84 58 75 80 89 69 97 70 23 69 14 92 34 4 29 48 83 90 
35 13 54 15 53 82 13 90 74 83 64 45 3 16 54 12 82 84 32 66 32 49 39 26 46 8 8 8 29 71 
92 1 52 5 41 12 81 60 15 86 91 91 87 7 76 55 76 27 14 29 23 97 52 96 87 82 23 81 39 76 
91 35 70 74 13 20 38 49 50 8 31 46 55 22 17 87 45 82 10 52 18 19 56 89 72 76 43 49 45 22 
83 67 75 34 2 23 61 16 52 55 55 86 37 22 35 21 98 21 28 64 13 15 81 20 99 20 18 94 34 70 
0 61 21 45 4 54 67 42 72 23 63 11 3 98 59 95 88 52 97 50 1 57 40 24 23 71 95 27 25 1 
33 14 63 45 56 77 60 73 47 4 62 33 25 57 10 89 69 77 54 96 3 18 4 11 46 67 1 73 57 0 
42 88 64 85 93 37 15 35 87 62 21 61 80 10 63 83 4 46 91 10 62 48 32 76 36 67 83 12 9 97 
75 82 26 89 97 13 35 19 50 96 91 85 64 45 12 82 79 38 24 99 93 64 24 24 19 77 56 60 4 5 
74 81 11 74 47 78 52 59 21 88 33 42 36 96 52 69 80 46 46 21 20 20 96 40 42 56 26 80 86 16 
57 73 61 31 99 30 85 75 96 13 69 61 63 59 50 41 60 23 40 64 11 91 51 22 65 68 99 93 37 50 
8 53 90 22 72 16 49 57 32 38 47 96 82 69 61 39 19 62 58 80 88 68 94 57 91 63 17 9 68 0 
60 54 65 81 50 40 43 78 42 19 88 71 70 57 49 62 70 76 93 89 19 91 53 55 90 86 20 40 16 51 
5 62 26 65 62 3 82 91 46 23 35 35 67 18 76 77 46 8 59 72 81 45 12 85 0 90 66 97 33 93 
74 15 55 78 89 62 62 14 30 22 90 23 56 76 93 65 29 63 33 90 18 32 54 48 2 74 30 6 62 66 
34 7 52 49 45 67 26 27 92 1 34 57 19 19 9 71 1 41 38 56 59 10 63 65 42 5 58 47 81 2 
92 22 39 5 59 33 92 63 40 47 39 43 35 1 13 21 68 1 37 18 61 23 55 86 31 86 38 16 43 74 
27 43 46 51 73 55 54 74 96 18 56 14 51 12 72 39 90 2 84 3 57 9 7 63 41 53 83 13 95 74 
20 5 76 65 83 90 74 66 42 11 44 2 20 25 35 71 82 36 1 5 79 69 29 68 29 4 23 66 6 72 
28 64 50 69 73 68 38 35 90 89 79 11 9 1 6 80 63 76 1 35 34 40 49 44 31 95 33 3 90 93 
7 90 10 62 94 75 1 20 19 32 80 18 66 72 51 19 8 85 63 75 62 60 14 83 65 30 54 27 71 49 
20 22 18 1 80 38 8 11 76 56 8 86 13 90 57 22 13 76 45 51 29 9 98 14 0 79 69 82 97 48 
42 57 76 58 94 42 32 52 51 45 50 79 59 54 72 82 50 16 28 11 59 94 11 9 39 81 88 37 78 10 
73 82 98 75 6 21 15 57 26 60 77 25 14 58 1 49 48 14 94 42 10 79 15 33 24 0 16 23 11 37 
82 79 3 94 34 79 45 52 81 92 80 5 39 80 91 31 36 38 43 49 87 16 64 52 1 93 42 99 55 82 
36 24 44 9 20 93 97 75 13 6 19 0 74 26 90 15 43 1 39 43 72 92 73 84 77 20 31 3 1 15 
83 81 67 11 2 74 69 31 82 99 18 55 78 37 49 52 80 19 67 39 57 41 59 89 46 21 24 90 40 98 
95 48 25 22 44 77 65 3 6 0 32 17 51 91 30 64 6 7 57 57 94 85 14 62 39 29 49 33 65 85 
87 15 83 93 3 85 43 69 18 79 95 35 38 23 90 21 71 49 8 4 69 76 95 43 5 93 60 44 71 55 
48 46 55 99 83 35 39 32 74 2 17 41 15 13 40 42 2 70 21 60 78 50 62 2 72 87 99 74 79 6 
53 51 3 33 50 98 72 51 53 4 86 57 94 81 53 55 26 29 34 79 22 74 0 44 80 41 68 56 38 2 
64 32 80 16 50 20 1 64 93 11 63 22 63 83 52 49 8 20 33 69 25 8 40 71 21 77 65 78 58 58 
38 25 95 79 91 74 93 1 62 54 44 78 86 85 22 95 70 45 90 14 46 74 95 33 65 36 47 31 58 79 
54 66 88 49 61 47 68 79 21 85 8 31 89 5 37 74 21 76 97 27 20 83 98 89 53 48 10 58 45 83 
99 87 6 23 52 33 65 79 44 13 11 99 39 62 49 38 30 49 50 76 58 6 29 14 72 87 94 63 11 32 
42 99 26 28 96 37 64 91 18 58 2 91 25 87 79 18 9 18 78 47 36 14 52 50 60 38 99 71 96 6 
29 55 29 40 74 5 47 85 35 91 44 11 70 55 10 12 75 76 13 74 89 90 42 72 49 79 67 28 56 73 

79 59 4 77 91 24 90 61 0 31 25 24 64 67 80 1 87 67 9 59 80 16 28 57 56 21 65 5 72 50 
9 4 55 60 30 72 61 60 84 87 76 54 14 95 38 85 92 73 52 81 96 43 29 45 88 69 52 62 56 97 
68 12 26 8 64 5 58 97 52 88 88 4 84 74 71 51 92 8 49 74 83 68 35 27 65 57 96 36 80 34 
76 98 51 9 84 66 2 80 55 66 69 85 36 30 42 22 71 51 0 28 88 82 9 43 99 49 18 95 80 34 
69 70 80 62 95 73 88 90 83 74 47 88 19 11 99 52 42 84 0 93 89 67 33 95 84 22 20 37 19 82 
3 9 23 58 37 83 24 65 30 11 50 83 24 62 6 1 85 23 47 99 56 18 29 76 93 26 86 27 93 11 
96 21 66 73 18 40 23 98 9 77 87 76 65 7 35 79 32 75 37 64 98 62 47 9 42 36 66 7 15 86 
72 83 76 94 4 4 6 12 27 88 71 30 22 49 16 50 89 24 0 29 32 63 6 22 93 94 98 59 30 85 
95 30 73 60 85 63 89 48 8 27 49 75 79 73 87 13 15 20 58 73 9 39 87 73 56 84 23 39 15 84 
56 25 73 96 72 38 46 70 29 20 23 90 1 21 49 88 15 67 94 32 75 93 56 63 51 17 7 5 78 54 
58 82 95 11 21 24 7 7 81 36 66 0 21 64 2 35 48 84 28 26 11 4 31 46 38 36 11 84 91 99 
12 93 44 52 87 42 32 61 77 48 12 61 82 35 46 62 86 63 89 2 33 24 49 59 82 85 51 75 89 31 
14 35 86 49 34 25 58 35 24 57 40 35 57 28 92 40 15 56 97 96 35 9 25 11 10 25 42 53 86 75 
45 81 55 34 74 59 41 58 18 25 40 66 19 34 35 95 46 98 19 70 88 68 96 7 81 56 24 34 87 88 
37 10 73 26 66 75 62 1 25 42 65 61 42 50 92 3 60 4 33 58 22 85 25 52 33 23 68 42 40 23 
53 19 93 37 2 22 74 88 45 98 95 95 81 14 20 71 4 93 47 73 75 37 63 35 84 67 53 15 35 73 
35 35 40 68 44 90 0 95 78 62 30 12 7 65 37 68 85 0 58 45 10 3 32 18 51 9 52 72 12 72 
21 67 7 16 4 48 75 82 68 37 50 37 35 48 67 30 87 27 71 11 16 95 59 72 99 53 72 50 28 67 
15 12 47 61 76 16 66 65 73 8 45 8 37 10 88 54 29 97 71 10 38 81 5 70 5 39 7 58 83 57 
21 98 14 82 24 8 89 92 7 18 22 42 5 35 59 31 28 20 95 5 17 55 67 94 11 88 56 44 24 20 
17 84 50 48 13 60 45 80 13 5 67 95 3 37 57 11 9 6 7 79 17 19 37 16 63 38 80 61 17 3 
52 91 78 38 47 48 60 51 92 64 41 20 50 81 99 26 49 98 53 95 86 3 92 38 30 65 55 6 20 93 
95 15 30 91 43 82 53 67 53 94 31 66 88 6 18 48 88 22 61 24 31 13 36 9 69 86 81 91 95 95 
1 78 92 58 33 7 66 32 21 16 41 53 15 8 93 38 97 64 47 17 11 83 58 30 41 57 44 21 61 99 
58 7 51 6 11 89 72 92 71 62 16 52 18 26 82 29 18 97 70 88 54 83 54 40 19 69 96 46 62 28 
25 13 45 48 63 55 53 44 95 68 57 96 11 71 27 37 57 87 49 65 85 71 83 72 79 23 75 10 6 19 
14 23 17 74 76 31 86 98 15 40 82 24 95 18 92 11 62 41 51 55 96 31 49 57 6 15 12 30 61 87 
87 63 44 50 64 38 99 70 35 0 95 75 54 14 32 62 57 55 62 25 59 25 90 89 29 79 95 25 14 25 
82 87 65 3 40 84 81 81 81 87 82 16 89 22 64 62 87 20 11 25 17 3 64 4 88 37 54 68 20 91 
83 39 20 54 79 9 41 31 69 94 17 7 62 97 91 40 3 57 50 36 75 86 64 18 34 18 69 78 15 41 
50 84 53 71 29 85 77 94 34 24 14 86 23 61 70 82 93 62 99 57 90 11 77 48 89 45 24 11 36 18 
63 12 51 54 92 86 37 33 20 11 53 27 87 84 37 82 62 5 87 4 12 87 44 99 57 59 27 88 73 42 
16 71 8 84 89 32 7 18 44 5 79 55 83 34 47 32 23 11 57 91 62 60 41 37 25 11 67 12 60 80 
8 87 58 53 25 55 26 26 38 67 24 62 34 65 55 68 38 90 68 92 32 58 6 6 21 67 20 9 69 41 
19 85 40 42 36 86 46 11 26 27 62 0 26 22 80 23 50 82 89 36 81 74 26 16 5 94 22 2 88 13 
37 22 85 94 69 18 46 95 66 35 48 3 94 51 71 54 18 49 96 58 18 64 96 9 39 65 44 60 50 35 
62 96 53 75 85 31 76 43 8 13 41 0 53 3 82 22 54 86 64 9 72 10 25 88 70 58 33 2 6 16 
47 27 48 87 14 60 95 48 33 63 67 73 87 70 96 54 11 83 42 97 44 10 2 79 98 36 82 81 29 10 
72 56 91 6 27 68 24 80 42 27 94 42 88 17 82 3 34 66 1 68 78 23 93 1 61 36 12 56 37 48 
10 70 24 53 96 65 51 76 2 81 98 79 3 59 62 90 64 48 21 26 11 82 76 53 60 74 72 83 25 10 
63 29 21 52 38 59 12 67 48 5 75 49 85 45 85 12 4 40 32 48 11 2 33 95 25 32 2 61 6 52 
84 81 8 3 65 18 93 6 24 41 18 1 81 15 73 97 56 16 50 23 47 35 53 40 95 45 86 60 88 39 
82 3 19 66 48 51 8 24 64 7 55 83 33 65 71 51 81 35 14 2 61 98 29 37 99 67 63 36 96 90 
99 26 68 26 49 80 79 59 78 17 24 52 63 56 42 54 5 69 77 89 44 18 21 28 61 71 95 90 36 40 
63 32 26 81 80 42 76 57 24 19 62 36 46 15 40 91 65 79 54 27 76 20 19 33 38 82 87 48 88 94 
52 96 68 47 71 7 84 0 91 46 25 25 8 13 0 44 16 87 95 5 1 23 41 16 96 28 44 32 9 71 
23 47 84 12 68 55 47 49 93 80 68 13 51 79 26 71 55 72 58 6 1 53 39 98 87 98 17 4 92 57 
93 34 44 93 39 60 92 27 77 93 68 92 69 43 93 86 86 27 80 8 66 83 22 97 74 34 72 15 12 79 
60 39 65 25 92 57 62 81 43 92 98 67 19 73 40 38 66 55 19 88 40 42 77 17 74 69 19 56 8 44 
96 88 50 64 11 23 8 45 33 83 95 32 53 44 6 94 15 15 7 1 18 56 99 45 66 73 43 51 2 31 
50 96 70 83 86 26 80 99 29 41 70 42 0 82 1 36 35 51 13 11 79 43 37 22 20 66 41 85 91 83 
60 69 7 7 21 33 17 20 79 17 94 9 23 99 79 35 9 98 61 74 39 77 66 6 88 71 66 34 48 55 
53 59 40 20 32 45 22 25 15 48 79 32 38 94 81 65 28 37 55 28 89 18 83 86 76 16 47 80 95 57 
67 51 36 28 2 80 29 9 33 62 74 16 10 93 94 19 69 15 19 89 29 67 71 73 23 23 41 9 51 18 
65 24 16 8 22 92 16 83 49 25 96 66 13 33 64 40 96 87 46 94 92 45 31 95 7 55 22 92 18 21 
96 47 34 4 48 28 66 9 63 8 92 50 45 73 74 16 93 5 74 81 8 13 67 17 73 38 47 11 28 17 
83 95 40 20 56 45 52 81 96 92 35 75 7 71 94 40 23 84 10 12 57 65 87 50 31 69 78 60 89 16 
75 35 40 79 2 82 85 73 52 4 14 9 34 47 90 4 48 39 48 62 90 79 73 80 52 51 49 21 78 72 
78 78 85 2 14 24 62 72 72 97 10 0 95 80 74 27 86 94 93 59 61 80 67 15 48 49 5 27 58 46 
17 24 9 32 63 92 54 88 60 19 69 2 22 42 87 83 80 64 91 18 6 7 99 71 39 19 7 74 87 60 
68 75 52 8 25 44 3 95 33 32 98 45 24 56 21 68 14 48 87 45 44 81 46 7 21 74 62 87 72 35 
73 96 62 90 47 60 17 7 82 19 46 21 39 66 84 6 75 83 69 63 43 2 39 18 59 1 8 32 55 3 
66 95 75 48 99 30 81 56 26 49 66 88 13 26 6 87 95 76 90 59 23 67 4 9 12 93 79 46 68 95 
96 45 8 93 41 0 8 88 40 17 39 22 4 44 76 24 83 7 1 74 5 38 17 56 40 80 52 1 22 18 
29 13 25 82 17 51 53 98 94 11 25 5 93 12 33 46 2 93 17 18 45 83 97 26 67 80 29 75 95 66 
95 10 45 45 43 78 9 69 32 59 34 2 44 22 74 31 74 71 80 19 13 2 67 70 79 97 63 44 61 92 
25 42 85 32 92 53 11 85 0 26 32 67 80 18 18 15 14 24 36 12 23 91 38 35 7 79 99 93 67 6 
39 74 75 12 70 11 69 4 54 51 3 83 46 70 55 72 80 72 97 65 13 80 68 4 22 85 4 34 41 23 
16 82 74 5 26 89 12 91 0 69 54 14 30 79 99 86 57 28 72 24 52 55 85 2 76 56 52 10 92 40 
25 63 18 40 89 11 7 16 59 33 32 24 56 5 92 32 56 0 59 8 48 43 58 27 17 25 28 51 80 63 
8 80 8 55 57 3 19 62 98 65 43 16 35 51 65 47 97 41 16 64 3 89 71 44 43 45 62 9 32 97 
16 88 84 18 81 11 90 49 8 68 24 40 86 37 2 35 48 55 54 85 13 96 9 0 18 84 82 0 58 35 
19 7 31 21 51 98 73 7 46 12 13 83 60 71 93 8 50 66 33 36 68 21 18 83 69 28 75 62 0 13 
27 99 42 99 60 91 41 41 47 88 28 79 0 0 31 20 56 59 20 40 7 90 43 88 39 77 47 11 39 20 
68 36 81 14 78 94 95 18 81 51 3 66 14 93 47 59 7 78 52 37 75 55 20 9 83 2 19 99 81 44 
19 40 10 51 13 13 27 21 92 15 98 10 78 20 53 49 43 38 9 67 45 8 3 16 83 77 87 62 35 38 
84 77 34 50 93 67 7 42 15 10 67 88 18 80 43 97 69 0 87 60 5 37 84 53 14 33 66 69 57 43 
3 46 41 13 14 15 36 26 29 68 87 98 95 33 65 2 5 9 60 52 91 88 14 68 5 71 44 18 2 54 
89 2 74 48 10 11 0 48 5 97 32 73 16 26 15 39 60 98 9 38 95 66 75 29 1 70 29 78 48 91 
83 93 81 76 34 31 25 85 44 0 15 81 57 56 95 40 25 89 25 69 34 30 18 57 72 31 78 83 63 8 
9 74 65 38 27 80 5 53 90 3 9 65 30 7 27 35 42 90 84 56 78 96 95 2 48 97 27 84 10 77 
2 11 31 95 60 34 20 9 47 36 85 86 69 80 60 33 56 44 98 31 13 7 38 38 44 35 74 9 92 21 
7 50 23 54 41 87 46 19 53 40 53 72 61 13 9 24 66 50 39 34 28 24 93 98 19 36 68 79 61 74 
33 18 29 31 92 23 92 87 60 20 15 26 54 18 46 16 24 18 58 76 60 73 21 32 67 81 38 10 91 50 
47 27 28 91 82 78 60 20 57 36 98 61 96 3 16 0 39 81 22 25 91 58 88 48 87 24 38 98 6 59 
71 31 42 55 62 99 24 81 64 64 35 82 20 53 82 85 42 10 12 49 20 51 71 75 78 61 61 76 69 83 
34 63 5 75 32 4 34 45 59 55 28 91 49 74 46 4 59 66 70 7 12 18 47 43 52 35 70 31 3 64 
87 64 34 79 23 98 75 71 53 71 41 50 59 55 42 70 55 11 11 19 73 19 58 37 42 91 37 75 92 98 
93 73 76 60 12 48 92 87 1 9 40 65 70 42 53 27 83 30 89 65 20 98 62 38 43 13 56 27 76 62 
56 14 37 91 85 82 75 86 15 93 16 28 24 53 96 38 90 96 65 19 52 47 67 35 82 27 35 5 49 25 

18921 4388 17206 15923 12377 1347 2035 15451 6315 12910 12629 15172 3263 17793 7609 1315 7780 10357 13681 13788 15722 18528 15096 14920 19172 14082 2385 12500 19624 16745 

9442 11053 4677 10153 2005 9494 2416 4698 5566 3889 5807 11381 8010 11689 10136 3240 8318 4728 10393 2056 3719 11116 5096 4863 7731 2474 5090 3444 2524 7599 