40
18 4 5 32 10 53 45 4 41 18 13 27 34 10 53 47 58 22 47 22 6 21 27 52 4 55 32 21 21 58 13 31 54 19 3 4 4 40 0 46 
51 5 5 17 15 59 4 6 21 51 28 19 5 56 12 1 43 36 22 56 26 36 27 20 47 23 16 51 3 8 37 54 14 35 11 21 34 15 27 47 
59 56 6 56 44 10 57 27 46 19 15 12 47 42 24 34 5 40 18 1 49 55 55 3 22 59 24 56 6 44 43 57 40 50 53 24 52 42 43 39 
2 58 43 41 32 0 16 38 40 34 31 29 21 26 24 44 17 41 32 16 25 16 13 57 58 59 13 42 41 56 13 35 46 57 17 18 57 25 48 29 
51 19 51 12 38 7 48 55 48 21 3 5 29 9 2 19 8 15 1 41 3 15 17 49 4 34 0 53 51 48 22 42 8 5 54 46 13 35 33 53 
48 29 59 17 38 53 36 46 1 37 27 4 44 36 46 48 10 46 41 53 34 4 35 34 9 22 12 14 57 46 8 45 15 7 54 45 52 30 31 53 
59 50 50 44 27 36 32 29 14 6 23 48 2 58 15 3 20 27 18 9 5 26 54 12 25 40 57 17 10 20 3 2 11 53 38 38 21 2 59 35 
8 22 15 10 13 30 14 25 58 24 35 55 50 21 8 15 2 5 24 4 26 27 6 29 12 44 59 33 47 58 8 55 21 16 58 26 46 4 51 36 
28 26 32 18 40 32 25 42 29 41 46 55 9 45 16 21 29 15 47 8 14 55 56 27 11 54 53 50 58 36 18 26 55 50 36 35 22 53 17 52 
34 55 39 35 40 48 49 10 3 36 10 9 23 6 36 27 0 21 17 50 50 35 8 45 18 36 20 32 29 29 16 4 24 48 31 5 36 20 7 39 
56 17 49 20 24 17 39 16 31 56 59 21 23 7 6 41 36 18 14 5 47 22 1 11 10 33 16 46 53 23 26 42 33 7 54 57 16 33 5 47 
21 4 0 44 4 6 26 40 24 32 45 11 54 39 15 5 12 31 43 57 47 1 31 20 8 25 9 17 50 14 4 11 19 5 48 23 3 6 55 20 
38 40 31 24 11 46 21 15 10 5 13 49 6 36 9 7 54 18 24 44 32 28 48 43 25 36 58 29 42 53 49 12 26 12 28 37 51 50 53 53 
47 58 42 53 26 43 0 20 1 16 57 25 37 37 1 2 5 59 23 39 53 4 51 19 9 19 48 0 1 33 45 48 31 27 34 50 10 34 10 3 
43 59 20 20 36 21 14 41 21 38 20 6 34 3 17 43 15 57 35 16 31 20 57 54 39 31 44 41 57 55 44 40 54 5 0 23 18 15 4 39 
45 17 37 19 20 46 55 35 44 30 44 15 43 41 9 14 12 54 56 9 41 40 42 27 37 42 50 56 49 47 27 34 4 5 46 24 51 41 52 35 
3 28 42 46 9 52 1 13 38 49 14 19 29 56 38 7 31 29 55 20 16 22 47 20 19 33 36 3 14 20 30 17 48 13 56 49 57 49 54 35 
38 9 46 7 57 24 6 20 45 53 41 53 16 28 5 27 1 42 30 7 54 1 24 43 14 20 32 3 9 27 38 47 28 16 47 17 32 45 38 18 
39 11 11 55 31 17 22 24 51 45 31 45 46 55 20 52 8 45 55 17 4 25 57 32 41 36 41 13 21 11 23 0 22 27 47 53 36 2 17 27 
47 40 4 25 36 25 17 44 10 4 53 14 29 42 38 2 18 11 7 32 23 31 32 37 58 20 31 26 14 40 53 1 21 49 26 49 6 35 25 8 
31 10 14 52 45 52 54 3 56 53 27 19 24 0 56 14 12 19 40 26 52 25 19 5 7 37 54 13 12 11 22 35 13 36 27 58 21 13 54 17 
58 21 28 15 21 16 29 25 36 2 51 20 19 10 25 26 39 11 32 51 14 54 18 27 22 37 26 43 50 20 52 41 33 12 56 47 29 25 12 57 
19 56 17 31 58 34 49 38 37 21 21 51 15 40 18 30 17 36 13 0 48 58 41 22 10 37 9 31 54 21 28 6 9 37 29 8 11 18 46 48 
40 59 31 47 39 50 17 49 18 23 41 7 21 22 29 23 51 30 55 37 43 15 43 53 53 12 53 56 23 39 37 3 38 8 42 10 50 0 59 9 
15 40 16 36 54 37 51 37 7 38 14 42 54 50 35 39 54 28 35 17 59 4 12 30 13 55 40 3 47 31 12 2 3 20 30 49 57 21 26 56 
52 32 39 38 14 6 17 9 35 44 18 26 49 23 56 54 10 28 57 57 51 2 51 46 22 21 27 12 34 53 8 26 18 39 4 32 46 13 33 13 
50 44 39 39 59 28 33 9 48 22 6 32 24 57 18 47 10 46 59 44 31 59 3 41 39 7 14 25 13 39 38 3 15 9 34 14 37 7 23 18 
21 21 50 46 10 8 33 20 46 24 5 18 23 0 59 2 59 5 27 12 37 57 7 52 7 41 59 36 40 14 54 2 28 44 48 38 45 13 59 31 
37 56 41 52 48 41 55 47 38 14 0 15 4 7 0 3 49 51 39 21 5 26 23 33 10 11 4 47 16 55 19 45 51 52 38 39 33 25 26 4 
31 18 19 35 18 11 38 59 2 10 20 0 36 44 25 38 47 29 26 56 24 37 41 7 29 19 38 55 36 57 59 8 7 10 43 25 14 14 24 16 
24 37 8 52 21 26 30 0 55 48 56 12 17 38 19 39 49 50 34 26 47 25 26 54 27 1 20 41 15 36 50 31 13 58 23 26 24 46 27 12 
34 15 24 44 45 35 23 27 25 49 53 4 6 11 59 33 12 11 15 20 39 57 51 53 47 7 11 4 53 38 16 19 46 32 3 31 59 18 58 25 
7 43 29 13 46 20 39 59 23 46 19 3 43 10 48 30 9 59 26 54 30 34 14 8 6 9 39 6 28 30 23 27 5 44 33 52 57 12 43 20 
58 2 15 33 4 3 55 14 55 22 8 17 56 14 25 55 16 56 53 44 26 16 3 24 52 36 8 49 48 51 10 38 45 17 11 49 13 59 55 8 
21 56 25 9 2 50 4 18 46 49 54 5 5 58 21 58 34 29 47 15 12 49 45 57 59 57 38 12 48 26 20 1 14 37 10 16 19 7 35 57 
56 21 2 54 19 15 44 46 36 31 53 48 13 38 37 4 27 8 16 15 34 28 16 48 5 19 56 16 26 23 13 14 45 8 8 56 23 52 34 52 
16 27 32 21 6 10 25 33 10 33 41 36 1 57 16 58 16 12 14 34 28 27 41 13 27 41 1 43 26 36 35 34 3 7 55 1 9 12 35 19 
45 16 47 38 5 3 36 14 8 42 48 36 1 21 41 29 3 42 12 29 18 47 3 22 46 50 23 56 54 50 7 31 58 55 9 56 50 37 10 58 
19 50 34 20 12 15 49 15 58 53 44 8 32 39 30 19 29 46 7 23 28 14 54 27 1 55 23 52 32 25 50 51 15 25 11 27 32 53 42 22 
46 18 31 11 57 53 30 18 39 37 41 0 43 27 19 45 22 34 37 54 59 27 45 14 44 49 34 9 42 8 31 20 27 54 31 16 48 53 35 19 
22 8 19 6 36 30 51 50 4 20 45 3 39 22 10 16 11 36 17 45 44 48 58 11 35 29 20 23 23 55 34 45 55 46 43 31 16 26 22 21 
46 59 16 18 21 18 34 25 54 51 2 39 31 0 42 58 22 2 21 37 49 48 14 45 34 58 8 42 24 22 3 3 21 12 21 35 22 47 52 17 
30 54 48 53 47 30 52 9 25 5 46 6 53 0 51 19 58 52 2 15 6 57 18 20 9 31 55 32 10 39 41 40 33 29 25 12 51 17 21 8 
23 7 15 8 0 58 20 50 42 22 5 49 19 15 9 21 38 56 45 48 35 18 20 0 39 46 13 30 3 34 31 18 34 46 19 34 36 39 24 19 
53 22 8 12 37 17 25 16 13 2 56 40 20 17 40 59 3 53 22 58 20 53 9 54 31 20 20 7 59 36 18 52 58 18 56 28 27 14 36 40 
16 32 12 37 41 53 36 36 38 50 27 58 43 36 52 6 56 4 6 47 41 24 31 31 43 19 59 10 33 27 43 50 0 55 27 33 40 55 2 19 
38 29 17 13 57 2 20 45 6 26 32 47 42 55 11 25 14 10 28 48 38 3 38 30 50 57 55 31 44 57 50 22 26 59 36 23 53 56 0 0 
14 24 39 48 19 50 6 26 53 34 14 31 37 44 53 27 33 48 50 17 46 32 32 4 32 8 20 25 56 20 17 2 45 57 50 56 39 56 22 32 
22 28 55 51 4 48 11 37 29 1 47 15 34 19 11 58 19 31 23 7 52 33 1 29 22 43 17 1 40 40 26 54 0 13 46 5 54 57 42 23 
58 21 30 24 32 41 22 43 13 38 50 57 11 43 18 33 27 35 26 7 7 44 53 8 58 39 13 52 36 47 15 27 1 45 51 33 18 14 17 23 
44 59 12 55 43 30 20 2 58 38 1 5 23 54 13 13 34 18 5 2 6 12 29 59 49 21 32 7 27 41 31 3 41 43 50 16 6 10 18 4 
40 11 1 3 5 7 16 39 25 13 34 23 25 3 22 14 16 55 14 35 28 37 38 9 20 28 17 18 30 27 14 11 38 16 6 36 23 15 7 48 
28 41 4 54 45 26 0 53 13 14 29 42 51 7 43 4 28 53 14 50 12 29 1 43 45 8 19 0 23 26 40 43 8 44 37 45 3 30 38 8 
36 7 42 20 7 26 24 27 11 30 17 23 59 11 6 36 19 17 36 34 44 9 17 44 45 47 21 48 9 59 57 45 59 39 5 58 57 21 17 0 
52 34 24 43 45 22 20 56 40 48 22 16 57 32 0 43 11 13 23 20 12 12 57 3 44 3 53 41 16 10 34 8 37 58 44 14 12 4 3 52 
44 25 8 34 49 0 9 0 13 32 12 18 37 10 13 21 5 7 54 21 17 28 22 54 18 6 9 31 2 12 23 38 29 24 12 19 16 21 11 22 
46 16 32 23 26 45 36 23 52 30 36 10 59 50 56 17 48 57 40 50 1 56 29 23 20 33 34 28 47 45 42 33 1 14 48 19 0 24 42 52 
54 19 54 45 1 43 55 50 40 35 40 42 31 1 57 43 35 31 12 22 16 54 47 10 9 35 21 1 59 4 53 45 15 40 31 16 23 26 6 55 
1 39 29 25 32 26 8 59 57 20 13 14 7 0 16 8 27 37 9 18 33 54 4 40 34 35 49 57 53 47 45 46 18 14 11 51 41 12 50 38 
24 4 44 31 56 0 31 24 30 40 42 55 35 38 36 1 5 17 51 58 4 36 37 23 50 40 14 31 52 56 10 9 52 46 40 49 47 4 5 9 
44 39 4 11 18 40 13 23 57 56 14 54 32 43 17 14 15 23 46 0 11 48 9 4 34 41 45 13 45 42 22 30 21 27 33 31 59 38 47 49 
34 53 43 6 36 52 21 51 15 59 51 26 39 52 22 13 34 59 27 19 41 41 41 55 8 15 26 0 53 5 49 28 58 32 26 26 24 39 10 31 
30 53 49 9 46 12 23 20 11 42 39 45 15 21 40 24 36 58 16 21 4 5 49 54 29 8 13 45 47 23 8 18 16 57 19 2 1 42 22 5 
16 54 50 32 7 22 48 43 12 56 56 8 1 46 3 22 46 16 59 33 39 7 43 47 4 55 42 6 29 4 3 46 50 53 10 57 7 50 32 19 
46 29 28 39 7 31 1 53 39 0 18 10 59 54 57 3 49 39 1 18 36 4 56 18 49 6 16 56 56 40 16 34 9 44 13 16 7 6 1 38 
58 20 48 57 14 37 53 3 9 54 13 37 51 10 55 40 8 3 29 57 44 45 31 53 21 45 2 20 43 3 58 42 15 46 39 29 15 32 24 24 
19 30 1 10 40 49 42 48 52 11 37 28 48 9 14 9 46 16 29 29 11 19 11 27 57 43 48 13 15 13 29 26 43 23 36 15 12 11 55 56 
22 33 25 11 34 39 12 20 47 34 41 58 53 45 17 51 28 6 4 35 19 25 2 54 48 30 9 0 41 56 49 4 29 14 7 3 45 19 15 24 
45 57 22 39 42 32 22 2 38 18 37 49 43 31 35 32 2 36 24 43 32 13 47 2 19 46 57 56 58 5 20 43 2 35 14 36 7 36 30 45 
46 7 26 30 39 1 54 41 37 10 16 1 16 56 3 35 42 53 24 40 58 44 24 52 19 30 20 26 59 50 3 45 49 29 7 28 22 53 1 59 
4 10 1 12 6 56 39 48 41 3 21 31 48 37 15 59 7 35 26 6 25 21 44 7 43 51 27 5 45 21 57 41 31 50 53 37 38 24 17 12 
28 38 43 8 15 59 7 23 26 25 21 44 47 5 51 22 49 18 27 34 39 16 7 10 6 52 47 37 16 57 49 36 35 24 44 43 23 52 6 42 
9 19 26 56 25 17 18 14 35 38 40 15 54 39 17 53 23 57 30 39 54 11 8 21 35 52 4 51 36 2 33 46 22 59 34 39 8 45 45 43 
23 17 50 9 56 0 2 11 57 24 50 51 35 50 4 3 43 9 54 11 11 27 57 25 18 32 4 26 9 41 1 32 58 44 33 46 44 36 57 41 
52 40 24 20 30 28 23 5 37 9 17 41 28 14 6 46 38 3 4 39 44 5 11 43 41 37 21 25 13 19 6 57 59 22 17 21 51 32 27 20 
41 44 1 9 50 0 47 21 3 51 0 47 49 4 22 30 41 44 48 46 55 46 35 54 9 53 7 52 17 34 4 59 10 58 0 1 58 48 14 1 
31 14 40 20 10 55 43 51 31 31 29 26 9 5 12 18 50 19 2 7 54 7 58 4 5 59 57 3 39 11 56 10 18 28 23 28 23 58 12 46 
21 33 12 30 38 24 41 20 44 43 28 30 42 18 26 47 17 24 42 48 27 30 59 45 51 22 6 6 20 10 53 41 43 5 3 14 22 44 34 58 
20 2 28 2 13 46 42 30 10 24 19 30 47 10 7 38 24 13 44 44 15 37 17 59 35 12 13 57 57 47 55 17 42 15 19 47 1 1 17 4 
18 28 34 5 30 41 35 54 47 19 30 2 57 47 53 32 0 6 21 49 46 16 6 20 23 17 7 24 11 16 28 21 37 54 26 7 28 1 2 15 