90
30

56 21 53 15 83 27 9 48 29 92 16 22 51 53 60 68 89 17 45 20 41 3 68 71 27 89 32 74 41 62 
21 46 46 99 77 28 92 38 31 15 46 23 75 45 64 8 97 16 50 79 96 78 78 25 56 4 73 48 57 52 
75 12 30 67 38 70 98 72 28 6 67 70 32 1 38 40 90 83 75 5 7 48 33 99 3 47 48 71 27 68 
26 95 28 86 92 70 54 29 90 50 40 2 35 13 86 57 66 66 53 7 42 59 25 30 93 38 95 86 12 63 
5 63 36 87 24 30 79 44 52 42 99 17 89 40 2 75 93 40 42 88 33 97 46 87 4 96 84 2 47 2 
64 1 11 66 8 20 52 83 65 63 25 37 46 85 46 75 83 15 24 16 74 73 75 63 34 75 81 86 89 56 
59 97 69 33 36 27 86 91 61 78 20 76 3 13 25 20 94 8 43 24 38 70 93 94 81 9 51 87 29 6 
62 17 45 17 40 39 52 14 38 98 59 39 13 14 51 36 3 41 27 77 95 21 76 0 54 30 17 28 40 70 
57 29 33 57 29 47 40 29 23 9 55 49 17 80 12 89 72 36 21 23 49 66 98 54 69 26 34 63 8 9 
44 49 7 97 5 5 45 17 77 41 95 15 52 51 67 11 83 89 1 14 93 97 75 0 63 3 32 82 35 79 
42 30 1 28 62 17 54 42 40 98 12 44 2 49 67 20 0 31 90 85 13 35 8 47 31 46 47 76 65 20 
83 72 67 63 51 94 37 64 28 5 70 2 50 37 62 48 62 75 71 33 96 26 17 34 26 12 55 13 57 11 
56 9 24 36 90 72 32 8 84 81 51 85 3 85 48 47 80 64 20 40 92 2 62 41 58 12 81 85 94 52 
47 76 77 35 30 74 82 11 77 17 92 78 19 29 17 45 9 32 47 68 52 44 40 15 49 40 17 37 82 15 
8 58 20 69 88 3 98 92 73 30 23 43 84 30 2 38 2 22 86 79 40 46 88 19 50 41 14 10 11 44 
11 6 67 67 28 16 32 34 45 99 54 68 0 90 22 82 42 66 58 97 79 6 22 4 84 3 19 40 14 19 
94 35 21 15 52 55 71 74 42 65 13 12 78 58 40 40 0 45 58 24 97 94 37 59 42 62 19 40 5 67 
4 17 53 80 42 55 55 44 97 31 34 51 67 50 59 25 72 57 50 97 37 78 42 81 58 14 34 60 94 76 
27 68 38 29 15 16 74 93 78 96 4 2 9 65 98 38 71 84 23 83 42 84 45 46 25 66 89 78 19 53 
35 63 65 79 67 64 40 47 94 50 35 16 35 33 58 96 16 5 48 45 21 40 77 18 17 3 90 98 23 86 
3 15 92 59 59 31 42 9 24 45 50 4 51 51 86 0 54 52 57 85 87 9 89 29 97 79 65 77 94 72 
5 3 78 36 36 24 11 46 12 30 1 47 64 86 61 88 99 8 57 56 81 17 46 70 50 33 76 14 72 53 
1 22 24 26 24 24 64 24 84 39 23 73 39 59 31 81 13 61 63 92 15 49 71 44 42 13 27 13 27 38 
95 69 89 26 21 78 5 3 95 31 1 16 23 65 43 55 20 31 63 41 18 17 59 90 32 15 54 15 38 9 
97 31 64 17 47 2 84 15 70 16 72 20 47 76 54 10 52 73 75 30 80 45 52 77 8 55 94 82 22 46 
3 41 69 42 85 46 72 13 51 21 57 21 60 70 66 10 59 96 45 22 9 30 44 30 0 97 65 35 10 2 
48 69 37 11 63 87 34 57 75 63 5 8 86 94 50 67 66 1 80 86 32 75 14 33 44 97 47 29 22 41 
55 39 92 37 57 98 34 50 63 9 76 98 81 22 67 30 55 0 13 24 56 25 63 74 51 1 83 87 26 58 
54 0 31 57 78 98 76 61 73 79 95 12 8 5 61 35 94 39 11 63 37 47 24 38 21 28 56 47 71 84 
17 97 23 56 60 30 89 89 6 41 8 92 29 33 12 15 74 51 45 48 77 55 25 30 21 29 27 13 40 39 
33 16 51 88 77 71 88 34 70 42 58 55 2 75 36 93 43 1 1 1 88 3 39 81 28 24 82 82 36 72 
85 1 2 51 6 3 49 23 87 48 26 79 39 3 54 78 61 68 65 78 68 48 74 67 1 47 57 74 40 60 
42 15 47 12 24 99 7 46 61 8 49 60 25 16 59 63 99 21 22 89 54 2 51 85 40 18 95 66 85 15 
27 6 72 19 57 5 54 15 31 48 17 39 91 58 92 60 23 92 8 89 10 40 95 73 75 33 11 53 74 58 
43 77 72 44 90 30 17 66 60 92 1 70 8 47 55 39 18 10 35 30 87 36 90 62 87 32 11 43 97 86 
16 43 26 80 4 76 96 59 5 38 18 69 88 4 14 78 3 1 50 59 97 92 81 82 1 49 38 63 82 97 
92 48 20 49 89 36 50 85 25 85 71 18 18 25 12 71 97 98 23 49 0 90 12 77 67 15 56 51 66 91 
56 5 78 87 11 7 47 51 36 31 50 55 38 57 60 83 43 21 7 88 26 92 38 79 78 61 61 90 38 71 
2 84 52 8 24 68 37 54 76 23 85 57 78 81 3 63 54 5 98 35 79 48 45 44 97 95 93 1 12 29 
7 67 87 52 35 75 81 75 68 31 16 39 20 85 52 45 38 95 22 98 42 22 35 92 39 23 70 98 55 32 
8 20 95 54 73 48 21 8 90 6 99 84 63 82 60 14 53 94 85 70 95 11 89 23 82 55 89 53 10 41 
58 70 71 21 8 0 24 66 73 34 76 79 47 63 78 26 26 26 96 43 62 57 19 34 3 6 12 87 99 60 
32 68 95 12 60 54 25 26 12 43 3 15 50 28 54 22 80 37 35 82 32 74 60 82 47 99 92 71 7 56 
96 78 13 17 58 32 69 12 99 11 23 57 71 37 9 4 83 23 52 73 3 21 49 37 43 25 43 83 18 46 
29 47 33 43 89 17 37 86 28 51 54 86 53 30 85 21 36 75 24 29 35 83 44 63 70 49 49 20 86 2 
88 91 32 61 85 98 59 90 21 7 4 96 92 38 8 24 3 13 0 28 88 10 33 12 71 7 55 92 89 56 
61 14 58 92 50 19 48 89 79 48 98 10 98 41 84 9 6 46 30 93 57 65 10 39 10 92 96 33 98 18 
48 77 68 23 33 68 9 56 45 67 72 98 52 89 50 44 77 95 76 43 19 68 47 6 47 96 91 52 28 0 
30 46 83 81 14 71 66 67 15 26 22 88 15 38 67 19 33 32 91 46 57 4 73 75 98 89 83 62 61 10 
76 46 19 59 27 21 20 44 58 65 65 1 46 12 53 58 27 51 58 0 18 69 0 62 44 82 20 68 22 27 
69 78 46 89 68 12 83 6 18 70 60 69 39 67 10 6 86 40 11 19 69 7 26 22 65 90 29 84 15 14 
92 82 21 59 43 27 16 22 30 98 48 21 69 17 3 31 29 38 78 59 0 37 50 83 54 22 26 6 78 9 
66 17 47 26 87 48 70 37 37 78 20 14 64 7 33 73 11 14 41 84 53 82 70 96 18 23 15 38 66 67 
85 12 43 81 61 60 96 34 31 78 43 34 79 26 29 84 48 35 1 57 10 23 97 67 98 68 26 90 98 93 
79 75 95 79 4 32 34 90 40 97 24 85 80 9 4 60 18 48 56 28 96 16 21 39 56 65 59 5 65 13 
62 68 70 71 2 27 90 8 88 29 69 8 49 76 31 94 68 99 17 39 50 6 9 64 83 20 37 21 26 40 
60 89 40 95 54 42 47 99 31 68 69 92 96 32 3 47 14 44 16 77 23 38 70 56 35 94 28 60 8 69 
69 82 74 83 41 63 61 15 19 70 40 85 47 0 96 26 82 74 85 81 67 86 42 67 7 91 56 14 14 58 
97 37 60 23 2 26 44 14 26 59 57 46 18 53 13 78 2 39 80 12 33 95 14 70 94 93 96 57 40 48 
18 15 96 45 66 33 79 16 4 48 99 85 47 61 51 80 85 56 9 11 89 98 85 43 22 31 7 24 24 27 
43 40 45 39 55 5 54 63 75 20 49 15 41 48 25 77 12 93 1 70 75 75 1 45 3 51 31 22 23 9 
26 4 3 50 20 43 85 21 90 42 94 70 78 23 21 44 75 90 57 35 25 59 16 58 4 49 87 9 53 54 
91 41 84 23 48 54 93 43 59 89 37 80 78 66 68 34 21 10 27 22 32 66 44 66 10 75 87 84 69 76 
75 89 75 53 30 47 89 48 38 61 12 99 56 66 5 76 65 65 35 28 63 26 66 65 67 42 97 38 37 5 
21 78 56 48 48 22 42 68 23 42 51 23 37 31 10 70 86 34 91 85 66 19 12 85 75 27 28 39 77 48 
37 45 48 8 28 3 93 68 50 9 36 65 52 60 90 58 56 40 73 42 40 22 27 49 51 11 62 63 84 15 
11 99 71 17 93 26 0 82 5 50 29 21 96 63 86 7 88 46 52 5 48 69 81 56 46 25 6 46 13 4 
14 34 21 78 21 16 33 61 49 69 92 72 6 88 60 99 17 5 8 50 54 71 34 50 55 21 57 96 50 62 
3 96 24 63 89 62 67 13 82 6 30 1 69 79 52 20 69 53 39 99 88 22 16 28 88 90 78 8 10 52 
7 61 90 2 38 75 59 23 87 62 91 23 69 70 64 59 91 58 50 22 63 38 28 3 91 42 2 58 37 62 
61 28 48 73 22 4 9 46 37 22 58 94 45 42 67 23 16 41 92 74 18 22 27 77 89 27 30 61 4 92 
95 81 80 0 92 59 29 0 11 58 88 17 55 22 66 59 97 62 75 97 73 69 71 84 93 75 90 19 83 12 
61 98 87 19 47 84 7 10 29 6 40 97 39 52 53 38 11 37 6 43 1 41 4 72 96 57 44 95 15 99 
97 0 72 46 22 86 53 43 9 46 25 53 18 55 77 69 24 11 75 6 15 77 67 29 98 43 64 6 88 5 
6 76 20 13 74 77 81 44 1 76 64 16 6 92 89 28 50 98 38 95 87 65 18 29 53 60 20 73 31 16 
56 80 67 53 95 15 40 96 22 11 3 30 85 1 48 89 20 15 69 64 64 18 12 79 81 21 55 74 82 80 
41 87 2 96 64 26 67 53 78 78 72 61 84 91 33 9 12 29 3 21 3 81 71 93 52 79 47 26 76 54 
46 14 24 37 4 37 22 81 78 52 32 62 34 20 77 87 18 79 46 13 53 58 85 59 23 8 44 65 28 75 
32 25 21 54 95 0 64 89 28 97 66 16 83 57 85 71 29 90 99 80 81 59 8 39 5 97 86 33 61 4 
14 53 48 54 64 7 53 29 7 43 29 47 72 31 48 38 73 50 97 12 83 10 38 3 29 82 18 89 22 19 
14 29 64 97 62 50 81 12 88 93 80 98 35 93 32 60 77 48 22 49 48 10 26 98 22 98 0 13 37 19 
93 93 46 41 13 3 23 64 28 37 71 78 56 53 15 91 82 48 61 95 27 14 61 81 32 0 22 15 32 60 
38 63 58 66 40 8 70 18 89 92 8 79 61 88 29 15 0 89 55 18 22 57 59 46 26 64 52 5 16 39 
54 56 57 92 76 25 11 67 16 46 30 67 72 66 3 44 18 95 80 28 85 73 21 78 61 0 42 42 87 28 
68 77 23 38 91 65 3 38 14 18 5 44 27 69 20 54 29 83 65 6 9 40 1 98 53 67 48 86 21 39 
88 18 24 48 18 50 97 37 94 54 38 31 67 25 73 18 0 29 54 62 35 71 0 49 34 53 51 5 12 70 
87 21 50 49 21 93 39 39 94 53 3 0 6 45 2 57 69 76 10 9 81 52 18 13 27 73 10 82 83 36 
16 71 71 96 21 30 79 67 14 57 62 51 82 84 80 62 86 61 30 47 94 39 99 44 25 61 25 19 57 8 
52 73 96 62 18 16 95 94 4 43 91 60 43 62 81 92 57 54 68 13 80 79 47 95 82 43 92 50 91 90 
98 30 98 95 63 74 83 73 15 8 89 12 42 9 36 6 49 91 69 59 70 46 56 61 10 82 91 74 79 18 

35 25 93 94 96 73 73 22 42 80 9 73 48 61 34 54 31 14 21 38 78 94 67 6 68 86 5 22 78 90 
95 24 38 33 0 64 99 70 24 19 28 59 95 59 27 1 1 49 55 90 13 18 4 13 68 18 35 97 80 60 
1 83 8 99 97 91 99 10 23 87 86 68 41 81 9 26 66 17 84 64 37 10 44 37 18 76 27 61 74 45 
79 3 94 35 5 67 48 56 77 97 29 58 90 33 91 41 24 98 1 98 45 88 52 42 62 11 12 65 24 86 
15 10 12 0 97 56 73 80 60 54 94 42 90 59 16 6 78 50 37 99 26 24 44 90 16 21 89 11 91 0 
88 78 72 86 13 4 11 47 96 74 40 79 82 19 92 10 92 9 85 36 68 61 96 69 40 19 76 48 19 63 
67 48 98 47 49 85 38 74 95 2 58 62 29 91 49 57 28 72 94 96 82 46 60 20 28 97 92 4 17 92 
20 48 68 14 77 37 33 36 67 72 72 9 40 36 7 17 73 38 5 46 48 47 25 42 81 15 0 67 53 52 
61 90 34 1 29 49 1 18 98 87 5 66 25 44 23 70 85 53 9 1 40 79 26 75 54 5 21 92 49 27 
80 51 65 44 77 11 98 43 93 93 3 2 78 28 98 80 85 17 16 59 83 36 60 59 51 20 99 31 93 0 
75 19 24 69 22 25 36 24 32 30 23 92 94 60 38 36 95 78 2 8 83 65 95 91 5 14 94 54 72 37 
36 94 38 77 37 52 59 70 73 38 2 86 10 77 2 61 57 71 83 94 51 55 10 67 19 68 23 16 72 77 
74 52 9 32 59 28 68 27 43 86 23 8 88 29 24 37 45 19 33 20 87 75 5 51 53 29 2 23 77 80 
53 20 88 27 97 79 21 89 66 2 73 42 97 42 79 18 80 92 27 68 88 73 96 60 36 66 7 81 65 67 
36 61 52 42 87 28 8 2 67 72 77 61 86 80 75 3 80 57 42 94 37 57 66 26 57 81 16 52 1 21 
0 66 83 59 35 33 29 37 73 76 0 78 45 72 55 4 13 9 1 89 25 20 49 52 34 79 81 62 12 39 
1 14 76 39 13 13 12 12 56 56 45 77 85 3 14 79 89 89 41 34 69 1 90 81 26 39 84 39 38 18 
93 38 8 91 34 62 30 6 45 30 97 1 4 88 49 34 26 7 31 75 60 4 16 23 47 15 14 18 30 14 
59 58 25 38 59 54 88 65 48 64 44 63 68 9 50 96 78 49 22 62 62 71 48 1 90 24 55 91 46 8 
10 19 36 82 71 10 27 67 25 32 94 53 66 22 70 31 8 93 20 21 39 28 99 51 53 63 46 19 21 7 
42 45 86 73 23 83 96 2 23 65 6 3 6 83 17 43 90 36 26 76 83 13 15 70 93 57 98 81 53 62 
0 91 7 80 42 1 33 46 60 45 91 49 67 70 30 5 53 95 0 11 76 46 38 80 85 32 33 1 79 1 
88 52 96 1 30 86 88 30 43 46 24 46 12 86 15 83 28 12 76 75 59 59 54 8 14 71 84 36 43 57 
67 23 43 28 61 24 90 48 55 94 87 54 44 95 4 12 31 44 67 42 37 10 14 2 77 74 4 27 44 87 
82 70 4 3 16 71 97 77 49 71 99 30 63 30 79 60 19 30 71 11 30 72 37 58 93 77 88 58 59 78 
95 67 48 50 6 52 20 7 52 6 56 77 97 82 29 28 82 88 46 9 62 98 9 21 25 5 14 39 52 80 
94 50 67 40 72 77 65 34 77 2 24 89 45 5 52 97 3 94 8 6 11 86 7 71 5 54 96 66 79 61 
58 66 81 60 88 48 21 96 43 69 20 64 59 32 37 10 90 27 66 66 8 24 74 65 81 52 34 73 97 89 
77 33 18 44 57 16 83 12 99 19 77 31 93 43 52 69 39 65 59 28 58 73 33 26 31 18 32 18 19 26 
21 48 83 61 68 49 18 20 78 35 47 26 78 49 51 33 45 67 42 62 33 61 80 38 32 80 16 82 82 0 
96 3 10 50 57 69 67 19 21 65 96 98 40 64 30 7 62 69 31 21 26 8 7 94 96 74 52 33 98 63 
27 84 11 33 55 28 45 99 98 97 84 36 57 62 89 48 89 42 1 28 48 55 54 27 99 96 29 90 38 10 
80 35 36 10 23 91 95 48 80 9 67 32 85 11 82 68 43 58 86 49 56 30 86 25 78 61 55 43 62 83 
35 16 3 36 50 74 0 92 17 3 79 73 3 77 66 61 89 37 83 43 26 74 27 36 80 14 32 70 38 15 
43 44 85 38 44 75 87 27 21 94 58 19 48 86 59 88 26 46 96 69 31 20 85 21 24 49 16 35 40 30 
39 97 76 57 29 41 16 25 35 72 76 97 1 49 75 56 12 29 27 21 16 44 41 70 15 45 66 17 28 34 
10 34 71 78 30 97 7 68 66 29 57 69 67 43 80 76 38 12 61 65 93 33 64 21 5 44 41 59 87 28 
97 83 35 92 71 53 32 31 56 46 78 94 89 33 6 16 75 13 98 97 30 69 7 20 52 40 50 60 59 30 
28 11 55 85 95 34 98 21 72 19 14 76 74 97 40 32 16 43 17 3 4 72 65 16 13 13 91 20 38 2 
42 78 43 39 79 72 57 3 36 84 99 14 14 45 8 81 94 89 31 92 84 19 88 17 36 88 18 35 89 58 
70 21 34 80 97 27 97 8 72 63 92 51 25 58 90 14 74 56 7 83 96 74 1 63 71 26 37 70 87 1 
54 35 80 37 54 65 65 33 86 84 78 92 96 36 22 89 73 28 99 0 9 46 67 43 45 66 59 15 85 53 
48 19 91 7 38 36 92 19 33 54 69 21 99 87 1 55 23 34 94 9 47 57 3 67 10 94 38 91 43 11 
20 30 90 88 6 13 54 70 14 82 0 34 18 72 44 62 85 32 21 15 81 60 17 40 65 87 5 63 52 29 
1 63 6 3 61 0 0 70 67 61 58 49 73 54 56 17 9 49 48 92 71 44 61 63 47 26 47 3 39 31 
8 0 96 36 31 75 72 38 75 75 59 95 37 68 71 41 51 67 75 94 15 69 89 27 59 79 8 63 72 67 
12 20 75 54 79 11 4 55 94 80 31 4 43 29 35 44 25 63 21 62 10 64 33 97 51 60 0 52 6 64 
36 85 35 93 69 74 84 87 61 57 59 92 65 15 71 83 11 35 75 30 33 74 68 41 72 18 96 33 4 1 
87 9 11 18 29 57 56 67 32 80 59 0 61 36 73 44 28 47 98 54 75 94 2 0 87 24 27 79 21 27 
94 28 29 46 39 82 28 60 51 75 32 24 79 6 53 65 52 5 37 77 1 71 86 49 91 72 94 32 16 28 
87 17 89 14 48 91 40 46 73 93 15 67 76 69 26 4 50 23 94 96 57 97 99 6 83 33 11 48 98 97 
80 22 13 67 5 19 96 25 2 37 20 88 59 40 43 83 26 25 28 47 91 91 82 98 45 38 50 24 23 17 
98 71 83 21 81 37 58 82 60 98 91 34 35 20 44 25 99 51 33 7 25 66 34 44 43 37 65 99 83 42 
36 98 77 24 15 88 33 77 64 25 62 26 45 71 92 7 77 80 95 74 20 92 36 2 10 92 6 41 58 75 
90 53 6 39 2 39 85 92 72 29 35 46 63 93 74 38 80 8 13 92 68 73 86 26 22 69 7 47 72 0 
97 8 87 60 38 19 31 21 30 9 63 28 83 25 58 50 63 77 97 24 59 81 40 83 52 60 2 72 10 4 
81 75 29 95 4 11 88 43 2 88 7 16 30 0 17 20 78 15 70 89 51 98 66 92 21 59 63 51 57 9 
5 37 7 92 72 85 79 96 56 51 44 80 98 97 60 65 45 69 90 73 26 24 63 18 36 3 5 70 89 59 
27 71 72 98 58 45 21 84 63 48 94 9 69 49 9 39 99 35 74 92 96 78 37 93 64 10 20 22 73 6 
20 49 16 40 92 22 83 96 41 53 19 40 2 13 75 68 68 35 56 12 9 85 37 47 80 57 95 46 16 85 
92 71 74 91 86 90 46 20 61 72 73 7 17 88 26 91 48 25 28 82 0 92 54 27 86 69 7 33 9 37 
70 57 15 88 87 60 63 88 11 86 12 69 30 14 42 51 62 98 58 27 64 83 59 63 11 75 54 97 44 93 
71 39 79 35 79 96 23 35 31 93 62 90 88 49 0 0 87 31 56 20 61 96 75 44 25 6 79 65 89 53 
89 65 54 47 85 45 10 52 67 0 36 56 75 86 80 43 42 43 58 69 0 72 0 73 83 76 50 91 58 15 
73 25 15 28 45 2 80 42 18 30 29 44 86 21 22 4 14 47 90 76 71 51 36 0 4 16 34 96 45 85 
45 20 25 68 66 20 40 84 7 11 99 21 41 61 49 22 76 56 51 26 52 89 52 4 53 79 86 98 99 24 
85 42 35 57 99 6 61 31 46 16 53 66 35 34 59 47 53 89 5 33 88 11 7 24 41 97 90 12 47 13 
68 86 4 13 24 81 86 28 94 5 82 65 55 52 96 94 63 7 89 39 79 4 59 0 11 79 85 43 34 35 
73 69 60 11 98 37 2 28 12 92 29 44 78 37 1 43 34 43 55 47 7 86 64 21 34 60 91 7 45 95 
19 11 37 93 12 35 22 49 63 13 40 22 7 2 73 83 24 43 91 42 62 80 20 34 25 13 17 23 47 13 
91 49 29 33 96 28 90 97 94 73 94 30 67 9 39 88 19 95 8 85 91 68 34 23 99 79 26 90 51 89 
55 61 6 44 96 26 95 34 77 41 92 26 83 55 29 12 12 67 78 8 82 32 48 15 43 97 79 10 29 41 
11 27 61 66 81 59 1 42 63 90 86 17 56 20 18 40 95 57 85 57 23 97 28 77 59 95 87 28 55 8 
94 35 13 69 88 99 21 18 72 63 16 91 49 77 85 55 82 21 72 38 92 31 39 82 72 43 9 36 86 47 
81 44 81 21 4 18 30 87 39 85 88 2 56 49 23 79 41 26 59 10 2 13 39 18 20 23 93 82 66 83 
84 90 74 86 47 27 69 43 54 10 62 67 72 1 72 93 88 88 45 18 31 0 62 12 5 2 72 24 14 75 
86 1 46 97 13 90 48 61 30 80 4 3 26 13 1 32 36 70 48 70 80 11 78 66 66 29 44 18 13 29 
9 35 12 69 64 13 34 5 38 12 44 32 93 57 78 15 96 96 9 43 31 98 91 75 77 58 65 25 83 60 
69 26 0 1 71 84 51 87 38 74 70 45 3 70 10 14 76 6 29 24 35 95 86 49 81 73 7 10 45 29 
22 74 80 46 57 47 76 62 45 75 85 30 94 9 36 31 17 76 90 61 19 78 47 22 87 4 17 60 42 33 
26 38 35 62 95 58 0 71 27 33 7 34 95 0 61 30 9 19 50 96 0 0 34 46 62 41 33 49 26 82 
57 20 68 15 68 81 76 78 94 5 9 48 21 30 51 1 19 15 21 8 17 81 97 81 90 50 83 83 44 77 
94 80 22 40 62 91 42 40 93 62 57 8 95 71 93 29 97 44 14 50 9 36 0 97 83 8 52 40 0 99 
64 82 70 85 11 46 40 64 52 7 29 8 51 70 40 87 56 6 35 33 91 0 46 10 56 60 71 24 34 95 
87 56 62 65 65 21 90 68 67 98 64 1 77 57 89 10 89 96 64 37 31 60 93 12 40 3 12 44 85 17 
98 24 7 37 28 31 48 4 29 17 43 26 18 97 43 91 33 78 70 16 94 6 12 15 62 11 36 56 72 76 
59 15 52 66 7 45 76 90 50 41 92 82 6 46 31 25 41 36 91 52 99 81 49 99 62 76 39 0 14 77 
12 37 40 88 57 89 18 96 46 56 64 34 45 33 31 27 89 70 97 58 22 40 76 44 52 9 31 14 62 66 
90 41 81 65 85 52 18 93 62 28 98 49 44 74 50 20 25 0 52 70 50 67 31 81 89 74 53 32 28 93 
67 72 17 90 2 52 60 60 92 4 41 93 18 93 2 47 68 72 34 68 57 19 45 14 74 43 11 57 22 69 

1028 3001 2166 1537 1133 3328 2317 3184 954 773 3189 2979 565 605 3256 1031 818 1017 903 333 2288 585 2023 3147 2636 2693 2050 2746 3057 3180 

1946 2530 1814 312 1494 1336 1636 1914 252 1575 1718 214 687 1985 791 2357 2624 1103 1676 2271 2561 220 935 1577 1935 1344 1436 1194 2237 1909 