init sample: 1, value=4.05707800069
 x=Any[-0.777574, 0.798005, 0.00622949, 0.0255536, -0.287171, -0.225947, 0.859318, 0.012731, -0.248509, -0.172974, 0.734789, -0.210299, 0.741259, 0.669855, 0.250886, -0.816922, 0.157711, 0.268054, -0.765553, -0.245289, 0.774152, 0.198177, 0.894799, -0.951897, -0.124442, -0.940899, -0.260471, -0.8872, 0.489173, 0.0250208, 0.32116, -0.323994, 0.872845, 0.689909, 0.862502, -0.81826, 0.792185, -0.618395, -0.806079, -0.317517, 0.0966356, -0.375916, -0.890413, 0.284324, 0.46165, -0.208289, -0.639844, 0.24377, 0.231545, 0.632717, -0.197215, -0.2217, -0.309145, -0.901244, 0.64846, 0.142569, -0.834236, 0.509816, -0.0800056, -0.430979, 0.997789, -0.646233, 0.604427, 0.549291, -0.724212, 0.935275, -0.650814, 0.0543187, -0.722821, 0.591545, 0.402608, 0.392605, 0.473926, 0.165756, -0.304842, -0.299973, -0.758717, 0.903068, -0.821068, 0.104466, 0.436389, -0.153752, -0.540203, -0.887619, 0.883837, 0.574287, 0.447837, 0.976523, 0.619551, -0.947836, -0.727211, -0.147807, -0.561573, 0.832787, 0.214062, -0.160862, 0.818877, 0.496758, 0.555137, 0.818939]
init sample: 2, value=4.06217327223
 x=Any[-0.016092, -0.0547165, 0.94791, -0.876585, 0.325226, -0.269788, 0.513521, -0.333096, -0.327242, -0.802906, 0.417016, 0.660641, -0.236714, -0.203791, 0.316233, 0.637545, 0.277443, -0.859724, 0.745687, 0.851612, 0.112723, -0.0895824, 0.576679, 0.0359447, 0.724993, -0.636439, -0.666904, 0.742385, 0.769022, -0.10954, 0.163347, -0.758222, -0.527634, 0.00182493, 0.0621604, -0.432823, 0.0578351, -0.0959841, -0.727942, 0.0776245, -0.509744, 0.641975, -0.330778, -0.467429, -0.29193, 0.128819, 0.896768, 0.398159, 0.532671, 0.55424, 0.553401, 0.853002, 0.73677, 0.757743, 0.2409, -0.81053, -0.377871, 0.609048, -0.407775, 0.442009, -0.401263, -0.277322, -0.960203, -0.169131, 0.318541, -0.401109, -0.847116, 0.0960787, -0.578283, -0.356688, 0.202177, 0.847889, -0.665481, 0.372953, 0.849493, -0.988861, -0.487923, -0.562564, -0.880863, -0.0171728, -0.570026, -0.0694695, -0.0793592, -0.41061, 0.817967, -0.63844, -0.290406, 0.838661, -0.981259, -0.871578, -0.114253, -0.0602922, -0.0426865, -0.756949, 0.709048, 0.429567, -0.136811, 0.617706, 0.971272, -0.284614]
init sample: 3, value=3.97739342169
 x=Any[-0.808492, -0.147502, 0.407374, 0.498286, -0.977296, 0.124713, -0.660304, -0.578448, -0.0826843, -0.893797, 0.407679, 0.662538, 0.739001, -0.916643, -0.905458, 0.28689, -0.779805, -0.269389, -0.0735894, -0.0655324, 0.128248, -0.15273, 0.901668, -0.227097, -0.844492, 0.0942235, 0.82383, -0.721507, 0.382008, 0.821205, 0.121918, 0.227319, -0.366353, 0.268414, -0.443881, 0.237157, 0.836276, 0.534202, 0.660691, -0.6982, -0.243147, -0.314235, -0.556759, -0.0928958, 0.835837, -0.783683, -0.679076, 0.40253, -0.0307492, -0.781123, 0.670277, 0.948804, 0.132015, -0.32591, 0.679427, 0.020192, 0.787685, -0.583647, -0.690865, 0.586686, 0.847164, -0.876972, 0.729975, 0.22647, -0.80552, -0.825716, 0.338146, 0.691555, 0.118103, -0.838304, 0.666142, 0.636788, -0.306496, -0.645436, 0.778507, 0.331532, -0.488088, 0.548118, -0.155296, 0.218625, -0.92942, -0.393559, -0.156585, 0.363405, 0.958349, -0.901905, 0.343728, -0.432818, 0.582847, -0.621963, 0.299101, 0.353678, -0.425382, -0.659963, 0.432277, -0.630953, -0.750466, 0.324559, 0.615775, 0.353154]
init sample: 4, value=4.11705068283
 x=Any[-0.907263, 0.720366, -0.915301, -0.828421, 0.0476724, 0.683087, -0.395128, -0.745936, -0.296545, -0.730689, 0.529268, 0.532213, 0.71962, -0.629581, -0.391275, 0.185117, 0.288463, 0.286509, -0.958134, 0.254849, 0.922365, -0.811265, 0.102511, 0.728774, -0.480201, -0.0510456, 0.604473, 0.590884, -0.413837, 0.104201, 0.921414, 0.0731123, -0.0728293, -0.455759, -0.174801, -0.377276, 0.294204, -0.263147, -0.345905, -0.261063, 0.640986, -0.159352, -0.265736, -0.372286, -0.676132, 0.929872, 0.832859, 0.685283, -0.952264, 0.638113, 0.588779, 0.324318, -0.0976061, 0.780396, -0.590524, -0.888904, 0.225342, 0.823988, 0.886276, -0.504958, -0.192649, -0.556647, -0.733641, 0.606728, -0.0180482, 0.809903, 0.861516, 0.306391, -0.356623, 0.724939, -0.763233, 0.745316, -0.25959, -0.650277, -0.202605, 0.706043, 0.769474, 0.3464, 0.0669932, 0.166143, -0.371872, -0.75154, -0.865651, -0.87836, 0.15598, -0.169057, -0.203332, 0.0552768, -0.32883, 0.461881, -0.891274, 0.322161, 0.142783, -0.807402, -0.661, 0.495882, 0.421248, -0.964923, -0.419353, -0.776809]
init sample: 5, value=4.04489992279
 x=Any[-0.590665, -0.815699, -0.362044, -0.18325, -0.143124, 0.644368, -0.93521, 0.360848, -0.546918, 0.409692, 0.969749, 0.426461, -0.000483621, -0.430619, 0.939504, -0.380056, -0.790422, -0.992475, 0.910658, -0.177796, -0.532896, 0.00427237, -0.534243, 0.772729, -0.340956, 0.539946, 0.681574, 0.93107, -0.851504, 0.425806, -0.615682, 0.00762403, 0.713204, 0.186049, 0.722539, -0.557746, -0.100807, -0.439461, 0.0984433, -0.760845, -0.109176, 0.631904, -0.333744, 0.980556, 0.895975, 0.0229618, 0.178557, -0.385586, 0.523282, 0.323907, -0.0820917, 0.605375, 0.984907, 0.827165, -0.639672, 0.271069, -0.26875, -0.277424, 0.492441, -0.7342, -0.578239, -0.321116, -0.708073, 0.828274, 0.975471, -0.326893, 0.502749, 0.374012, 0.865527, 0.673957, -0.936886, -0.578477, 0.409952, 0.605065, 0.871322, -0.125824, -0.650585, -0.51532, 0.508843, -0.555834, -0.0207496, 0.572958, -0.778752, 0.665421, 0.686542, 0.117148, -0.593943, 0.507594, 0.381202, 0.219816, 0.187462, -0.0606972, -0.711043, -0.932207, -0.0122017, -0.348129, 0.121916, 0.9889, -0.0553006, 0.646474]
init sample: 6, value=3.97418057835
 x=Any[0.740065, -0.0174972, 0.309939, -0.498603, 0.332846, 0.391073, -0.304309, -0.886908, -0.0192753, -0.948805, 0.777688, 0.703225, 0.937676, 0.169074, -0.0440853, 0.685448, -0.91171, 0.0874077, -0.900854, 0.268495, -0.54244, 0.517867, 0.0837831, -0.0319125, 0.474354, -0.903221, 0.417373, 0.247323, -0.641848, -0.245512, -0.779882, 0.984431, -0.603092, 0.533311, -0.605041, 0.826698, -0.744783, 0.507627, -0.316097, -0.897398, -0.708514, 0.289279, -0.0182676, 0.0668896, -0.130916, -0.230024, 0.382083, 0.306824, 0.494529, 0.777746, 0.587929, 0.629845, 0.897068, 0.809298, -0.82432, -0.189157, -0.701382, -0.387719, 0.699849, 0.593773, -0.790661, 0.117056, 0.581654, -0.761557, -0.14529, -0.336562, -0.0926935, 0.0392249, 0.726372, 0.132672, 0.122561, 0.874653, -0.154487, 0.748635, 0.63864, 0.870925, -0.981852, -0.271403, -0.0610322, 0.589117, 0.398525, -0.553597, 0.0724492, -0.120838, -0.229842, -0.356159, -0.322543, 0.51719, 0.0643463, -0.388079, -0.383959, -0.202952, -0.989148, 0.251822, 0.427178, -0.499382, 0.823766, 0.937095, -0.475897, -0.0314479]
init sample: 7, value=4.09055756214
 x=Any[-0.270077, 0.597812, -0.597611, -0.69649, 0.5545, -0.109262, 0.358455, 0.54024, 0.541273, 0.525827, -0.352685, 0.0634194, 0.517616, -0.445437, -0.617976, -0.490207, -0.20676, -0.801843, 0.792765, -0.180901, -0.130517, -0.40405, -0.859751, 0.809011, 0.78556, -0.689417, -0.746864, 0.589637, 0.731194, 0.992854, -0.45753, 0.910918, -0.688808, -0.423888, 0.230232, 0.912074, -0.497188, 0.883705, 0.445186, 0.0463453, -0.586526, -0.437153, -0.652081, -0.0706988, -0.34024, -0.271284, -0.0367197, 0.215134, 0.627432, 0.589603, 0.553338, 0.103024, 0.604628, -0.713357, 0.416256, 0.284437, -0.395736, 0.734354, -0.932504, 0.541337, 0.408495, 0.4203, -0.147575, -0.864134, 0.895343, -0.573341, -0.528217, 0.338991, 0.682468, 0.868681, -0.21233, 0.872587, -0.319122, -0.159725, -0.931656, 0.458158, 0.240105, 0.585836, 0.714326, -0.506926, 0.529484, -0.325081, 0.724184, 0.910367, -0.134761, 0.151691, 0.765313, -0.0839991, -0.335235, -0.738866, 0.645252, -0.473519, -0.450367, -0.0526628, -0.610725, 0.674795, -0.138197, -0.850279, 0.267843, -0.154481]
init sample: 8, value=4.04519307619
 x=Any[-0.233204, -0.593617, -0.852513, 0.784324, 0.0418045, 0.351561, 0.930681, 0.251279, 0.55021, -0.370511, -0.156297, 0.0128614, 0.7023, -0.879927, -0.365344, -0.636012, -0.305648, 0.937183, 0.0524868, 0.0855444, 0.986084, 0.0997516, 0.798701, 0.165909, 0.958181, 0.0373487, -0.832207, -0.660763, -0.200383, -0.669961, 0.786783, -0.987777, 0.893696, 0.809523, 0.121467, 0.697649, -0.151891, -0.0963131, 0.651607, -0.303355, -0.829458, -0.546678, 0.706051, 0.661276, -0.177606, -0.182243, -0.132765, 0.31232, 0.960558, -0.1188, -0.350199, 0.552102, -0.787156, 0.817869, 0.31204, 0.278955, 0.0809373, -0.818245, 0.0567433, 0.58005, -0.962015, -0.776701, -0.55565, 0.260265, 0.216186, -0.131226, -0.452213, -0.675809, 0.890681, -0.767429, 0.272224, -0.479555, 0.696647, -0.147462, -0.729381, 0.88674, 0.494702, 0.492679, 0.674509, 0.787554, 0.956542, 0.153294, 0.842742, -0.586262, -0.649201, -0.902982, 0.582252, -0.772346, 0.84656, -0.0309316, 0.582937, -0.813008, -0.212608, 0.11927, 0.337556, 0.570556, -0.208854, -0.190161, -0.929486, -0.720052]
init sample: 9, value=4.03472419356
 x=Any[0.846456, -0.0507538, 0.0710656, 0.863829, 0.25416, 0.749562, -0.196506, 0.917371, -0.208413, -0.627404, 0.17559, 0.465099, 0.884262, -0.618752, -0.68125, 0.109197, 0.708212, 0.499014, 0.345608, 0.113442, 0.423968, 0.94573, -0.447175, 0.146041, -0.341466, 0.810375, -0.52102, 0.031093, 0.092525, 0.349308, -0.186426, -0.0216135, -0.889667, -0.479156, 0.754406, 0.806064, 0.0564081, 0.332827, -0.717948, -0.165202, 0.470058, -0.353765, -0.800669, -0.563903, 0.0573517, -0.928312, -0.607484, -0.611797, 0.289258, 0.842954, 0.835675, 0.981847, -0.93624, -0.682419, -0.877044, -0.715423, -0.504402, 0.396366, -0.521206, 0.936018, 0.984481, 0.125798, -0.0253221, -0.620589, 0.396733, -0.840295, 0.537307, -0.037725, 0.863831, 0.425134, -0.102051, 0.364954, -0.759913, -0.856951, 0.932742, 0.551551, -0.720986, -0.73686, -0.676169, 0.912673, 0.84815, -0.277584, -0.246232, 0.811666, 0.644772, -0.890742, 0.309942, -0.636518, 0.402384, -0.962081, -0.903284, 0.160504, 0.712056, -0.309335, -0.778578, 0.670057, 0.855986, -0.702286, -0.505955, -0.408873]
init sample: 10, value=4.06056876102
 x=Any[0.253059, 0.00720007, -0.952107, 0.108184, -0.580433, 0.469727, 0.200695, 0.729552, 0.508612, 0.821109, -0.938261, 0.386289, -0.347253, -0.866516, 0.108506, 0.48311, 0.848421, -0.743398, -0.982118, -0.048764, -0.802839, 0.419484, 0.626217, 0.644134, 0.729567, 0.318883, 0.839277, -0.635062, 0.00197997, -0.264642, 0.690236, -0.7277, -0.183409, 0.880878, 0.366057, 0.345311, -0.212815, 0.502909, -0.633668, -0.82503, 0.637119, 0.376527, 0.68944, -0.3805, 0.408736, 0.708051, -0.703886, -0.461069, 0.984294, -0.618298, -0.194318, -0.419358, 0.875928, 0.687036, -0.321321, 0.198484, -0.0210661, -0.596877, 0.0548299, -0.0110196, -0.304382, 0.0594673, -0.83975, 0.464715, -0.640853, 0.239204, 0.641352, -0.67356, 0.747791, -0.738677, 0.624918, -0.611012, -0.218416, -0.759631, 0.783238, 0.503611, 0.517339, 0.591616, 0.890225, -0.87274, 0.535545, -0.411238, -0.530171, 0.0307889, 0.761692, -0.617813, -0.148164, 0.903145, 0.679595, -0.0400565, 0.514356, -0.579229, -0.806938, 0.926014, -0.38118, 0.31675, -0.388378, -0.911205, 0.0496001, 0.703344]
init sample: 11, value=3.90366073825
 x=Any[0.782283, 0.712688, 0.996516, 0.64211, -0.179337, -0.428567, -0.0100148, 0.368419, 0.637568, -0.894527, 0.514944, -0.542444, -0.723882, 0.183224, -0.2494, 0.378523, 0.955665, 0.943833, 0.945481, -0.11551, -0.9485, -0.983499, 0.22963, -0.233397, 0.678035, 0.985802, -0.0596922, -0.116233, -0.729132, 0.282509, -0.122442, 0.253016, 0.992915, 0.901407, 0.00425042, -0.182625, 0.494717, -0.398623, 0.374051, 0.3322, 0.652879, 0.13241, 0.184485, 0.193389, -0.952831, -0.720713, -0.0477984, -0.214744, -0.220855, 0.312312, -0.732399, 0.418379, 0.750279, 0.836215, -0.0741747, -0.0648409, 0.101128, 0.234528, 0.43385, -0.434542, 0.96097, -0.277069, 0.179104, 0.160681, -0.655087, 0.637948, 0.940851, -0.598966, -0.139563, -0.87062, -0.602851, 0.125939, -0.236575, 0.554376, 0.397859, 0.133524, -0.181731, 0.981711, 0.710663, -0.828417, -0.516514, 0.535862, 0.431365, 0.344319, -0.0138628, -0.87394, -0.90598, -0.232991, 0.838157, -0.557496, 0.351928, 0.948787, 0.891547, -0.513541, -0.60027, 0.897097, 0.89095, -0.0422923, -0.540289, 0.751335]
init sample: 12, value=4.03862070692
 x=Any[0.313103, 0.437983, -0.529817, -0.102487, 0.450587, 0.61691, 0.557971, 0.478348, -0.755337, -0.6465, 0.0216237, -0.28714, 0.173097, -0.606256, 0.623903, 0.36105, 0.62617, -0.397071, -0.512628, 0.733867, -0.128019, 0.464874, 0.888632, 0.0170486, -0.4214, 0.495713, -0.766873, 0.612039, -0.28581, 0.394152, -0.940501, 0.931335, 0.635881, 0.759892, 0.283328, -0.753206, 0.00847854, -0.476194, 0.531057, 0.314278, 0.305248, -0.788469, 0.237583, 0.248983, -0.654415, 0.345471, -0.599106, -0.143471, -0.316006, 0.0711678, -0.942362, 0.736285, -0.803601, -0.581111, -0.992301, 0.231454, -0.421934, 0.0563217, -0.193787, 0.702039, 0.881903, 0.437863, 0.948158, 0.833946, -0.100317, -0.392935, 0.9143, -0.868785, 0.674448, -0.0178478, -0.736158, 0.96495, 0.62381, -0.042167, 0.209186, 0.159961, 0.66373, -0.0875358, -0.81098, -0.271339, 0.749489, -0.86774, -0.193837, 0.842956, 0.923196, 0.670853, -0.87985, 0.262969, -0.979473, 0.216072, 0.213826, -0.967854, 0.8535, -0.895031, -0.493849, -0.362679, -0.603877, 0.623673, 0.837798, -0.290553]
